EPOCH  + AVERAGE ERROR ON EPOCH + MISCLASSIFIED 
500 Epohs: 

0 0.22206089839271761 1259
1 0.08245899886024094 555
2 0.04482939842017895 330
3 0.03967964396222648 250
4 0.03716547760292396 244
5 0.035185448781898096 233
6 0.033515290031120894 230
7 0.03207320627284636 219
8 0.030807337168007865 204
9 0.02968233130832984 197
10 0.028673454509068556 192
11 0.02776274474470482 191
12 0.02693649344151409 188
13 0.026183701108043307 183
14 0.025495207327941846 180
15 0.024863224761794925 177
16 0.024281076284565762 168
17 0.02374301963236639 163
18 0.02324410873493876 158
19 0.02278007515891509 150
20 0.022347225783642424 148
21 0.02194235556891125 142
22 0.021562674055519405 140
23 0.02120574379105979 134
24 0.020869428782108256 128
25 0.020551851249154922 126
26 0.020251355232606526 121
27 0.019966475865974637 120
28 0.019695913358370967 119
29 0.01943851090813652 117
30 0.019193235910220208 114
31 0.018959163930984093 111
32 0.018735465013116615 112
33 0.01852139194574794 113
34 0.01831627019452936 110
35 0.018119489235971845 108
36 0.01793049508164579 105
37 0.017748783812357033 105
38 0.01757389597126112 101
39 0.01740541168898667 101
40 0.01724294643398038 100
41 0.017086147298106102 100
42 0.016934689741582704 100
43 0.016788274733084828 98
44 0.01664662623064782 94
45 0.016509488957236744 92
46 0.01637662643172553 90
47 0.016247819221816947 88
48 0.016122863390297584 88
49 0.01600156911012041 87
50 0.015883759427268072 87
51 0.015769269153281088 85
52 0.015657943871815554 85
53 0.015549639045712917 84
54 0.015444219212855862 84
55 0.015341557260626488 82
56 0.015241533770095518 82
57 0.01514403642219876 82
58 0.015048959459125566 82
59 0.01495620319498494 82
60 0.01486567357052538 80
61 0.014777281747321914 79
62 0.014690943737372862 78
63 0.01460658006452781 76
64 0.01452411545457295 76
65 0.01444347855115974 76
66 0.014364601655075191 76
67 0.014287420484623871 76
68 0.014211873955134941 75
69 0.014137903975817935 75
70 0.014065455262376512 74
71 0.013994475163954906 74
72 0.0139249135031395 74
73 0.013856722427859887 73
74 0.013789856274159486 73
75 0.013724271438896046 71
76 0.01365992626153308 71
77 0.01359678091425549 71
78 0.013534797299722442 69
79 0.013473938955830895 69
80 0.013414170966921981 69
81 0.01335545988091529 70
82 0.013297773631903147 70
83 0.013241081467776545 70
84 0.013185353882496557 69
85 0.013130562552654374 69
86 0.013076680277998742 68
87 0.013023680925632533 68
88 0.012971539377611392 68
89 0.012920231481693478 68
90 0.012869734005014925 67
91 0.012820024590484138 67
92 0.01277108171570136 66
93 0.012722884654230363 67
94 0.012675413439058807 66
95 0.012628648828101087 66
96 0.012582572271604394 65
97 0.012537165881333606 64
98 0.01249241240141786 64
99 0.012448295180750833 64
100 0.012404798146846828 64
101 0.012361905781059047 64
102 0.012319603095075843 63
103 0.012277875608616082 63
104 0.012236709328250016 63
105 0.01219609072727822 63
106 0.012156006726605193 62
107 0.012116444676549001 62
108 0.012077392339532441 61
109 0.01203883787360493 61
110 0.012000769816747999 61
111 0.011963177071919514 60
112 0.011926048892795853 60
113 0.011889374870174102 60
114 0.011853144918996781 59
115 0.011817349265966193 59
116 0.011781978437718279 59
117 0.011747023249523054 59
118 0.0117124747944874 59
119 0.011678324433231895 59
120 0.011644563784018179 59
121 0.011611184713303675 59
122 0.011578179326702754 59
123 0.011545539960332437 59
124 0.011513259172525162 59
125 0.011481329735890018 58
126 0.01144974462970533 57
127 0.011418497032625832 57
128 0.011387580315691793 57
129 0.011356988035622599 57
130 0.01132671392838403 57
131 0.011296751903013937 57
132 0.011267096035697755 56
133 0.01123774056407802 56
134 0.011208679881790846 56
135 0.011179908533217242 56
136 0.011151421208440008 56
137 0.011123212738397016 56
138 0.011095278090221932 56
139 0.011067612362764434 56
140 0.011040210782281984 56
141 0.01101306869829532 56
142 0.010986181579601182 56
143 0.01095954501043464 56
144 0.010933154686775698 56
145 0.010907006412793456 55
146 0.010881096097421364 55
147 0.010855419751059804 55
148 0.010829973482398527 55
149 0.010804753495356138 55
150 0.010779756086129817 55
151 0.010754977640352372 55
152 0.01073041463035054 54
153 0.010706063612502936 54
154 0.010681921224690529 54
155 0.010657984183838258 53
156 0.010634249283543576 53
157 0.010610713391787749 53
158 0.010587373448727164 53
159 0.010564226464561923 53
160 0.010541269517478037 53
161 0.010518499751660105 53
162 0.010495914375373117 53
163 0.010473510659108672 53
164 0.010451285933795216 53
165 0.010429237589068505 53
166 0.01040736307159994 53
167 0.010385659883481732 53
168 0.010364125580665472 53
169 0.010342757771453274 53
170 0.010321554115038094 53
171 0.010300512320092728 52
172 0.01027963014340494 52
173 0.01025890538855753 52
174 0.010238335904650713 52
175 0.010217919585066975 52
176 0.010197654366274317 51
177 0.010177538226669818 51
178 0.01015756918545837 51
179 0.01013774530156862 51
180 0.010118064672602144 51
181 0.010098525433816974 51
182 0.010079125757142192 51
183 0.010059863850223894 51
184 0.010040737955500525 51
185 0.01002174634930755 51
186 0.01000288734100952 51
187 0.009984159272158535 51
188 0.009965560515678902 51
189 0.009947089475077098 51
190 0.009928744583674761 50
191 0.009910524303865811 50
192 0.00989242712639579 50
193 0.009874451569662115 50
194 0.009856596179036626 50
195 0.009838859526207144 50
196 0.009821240208538664 50
197 0.009803736848454725 50
198 0.00978634809283476 50
199 0.009769072612430795 50
200 0.00975190910130115 50
201 0.00973485627625911 50
202 0.00971791287633912 49
203 0.00970107766227749 48
204 0.009684349416008282 48
205 0.009667726940173225 47
206 0.009651209057646182 46
207 0.009634794611070141 47
208 0.009618482462408323 47
209 0.009602271492506736 47
210 0.00958616060067011 47
211 0.009570148704248275 47
212 0.00955423473823538 47
213 0.009538417654878888 47
214 0.009522696423300078 46
215 0.009507070029124518 46
216 0.009491537474123015 46
217 0.009476097775861385 46
218 0.009460749967360689 46
219 0.009445493096765853 46
220 0.009430326227023235 45
221 0.0094152484355671 45
222 0.00940025881401391 45
223 0.009385356467864663 45
224 0.009370540516215789 45
225 0.009355810091476364 45
226 0.009341164339093396 45
227 0.009326602417284446 45
228 0.009312123496776367 45
229 0.009297726760550821 45
230 0.00928341140359718 45
231 0.009269176632670462 45
232 0.009255021666056356 45
233 0.009240945733341244 45
234 0.009226948075188661 45
235 0.009213027943120912 44
236 0.009199184599306576 44
237 0.009185417316352395 44
238 0.009171725377101213 44
239 0.009158108074433884 44
240 0.009144564711076957 44
241 0.00913109459941419 44
242 0.00911769706130291 44
243 0.00910437142789509 43
244 0.00909111703946206 43
245 0.009077933245223647 43
246 0.009064819403181584 43
247 0.00905177487995651 43
248 0.009038799050628802 43
249 0.009025891298583319 43
250 0.009013051015357421 43
251 0.009000277600492905 43
252 0.008987570461390797 43
253 0.008974929013169982 43
254 0.00896235267852888 43
255 0.008949840887609934 42
256 0.008937393077867478 42
257 0.008925008693938771 42
258 0.008912687187517173 42
259 0.008900428017229 42
260 0.00888823064851239 42
261 0.008876094553499414 42
262 0.008864019210900272 42
263 0.008852004105890404 42
264 0.008840048729999795 42
265 0.008828152581004693 42
266 0.008816315162822089 42
267 0.008804535985405697 42
268 0.008792814564644575 42
269 0.008781150422264598 42
270 0.008769543085730252 42
271 0.008757992088150434 42
272 0.008746496968184879 42
273 0.00873505726995318 42
274 0.008723672542945623 42
275 0.008712342341935712 42
276 0.008701066226894611 42
277 0.008689843762907365 42
278 0.008678674520090728 42
279 0.008667558073513028 42
280 0.008656494003114919 41
281 0.00864548189363244 40
282 0.008634521334521519 40
283 0.008623611919883678 40
284 0.008612753248393595 40
285 0.00860194492322776 40
286 0.008591186551994737 40
287 0.008580477746667082 40
288 0.008569818123513873 40
289 0.008559207303035563 40
290 0.008548644909898892 40
291 0.00853813057287458 40
292 0.00852766392477455 39
293 0.00851724460239175 39
294 0.0085068722464407 39
295 0.008496546501498678 38
296 0.008486267015948701 38
297 0.008476033441923445 38
298 0.008465845435249876 38
299 0.008455702655395329 38
300 0.008445604765414658 38
301 0.008435551431897833 38
302 0.008425542324919435 38
303 0.008415577117987986 38
304 0.008405655487997024 38
305 0.008395777115177047 38
306 0.008385941683048088 38
307 0.008376148878373025 38
308 0.008366398391112351 38
309 0.008356689914379054 38
310 0.008347023144394993 38
311 0.008337397780447491 38
312 0.008327813524847145 38
313 0.008318270082886376 38
314 0.008308767162798086 38
315 0.008299304475716219 38
316 0.008289881735635898 38
317 0.008280498659375083 38
318 0.008271154966536283 38
319 0.00826185037946984 38
320 0.008252584623236406 38
321 0.008243357425571758 38
322 0.008234168516851083 38
323 0.008225017630054303 38
324 0.008215904500732075 38
325 0.008206828866971935 38
326 0.008197790469365827 38
327 0.008188789050977282 38
328 0.008179824357310142 38
329 0.008170896136276818 38
330 0.008162004138167565 38
331 0.008153148115620717 38
332 0.008144327823592737 38
333 0.008135543019329044 38
334 0.008126793462335262 38
335 0.008118078914349272 38
336 0.008109399139313267 38
337 0.008100753903346561 38
338 0.008092142974718797 38
339 0.008083566123823683 38
340 0.008075023123152827 38
341 0.008066513747270725 38
342 0.008058037772788993 38
343 0.008049594978342425 38
344 0.008041185144564207 38
345 0.008032808054062496 38
346 0.008024463491396345 38
347 0.008016151243053373 38
348 0.008007871097426629 38
349 0.007999622844792019 37
350 0.007991406277286691 37
351 0.007983221188887425 37
352 0.007975067375388924 37
353 0.007966944634383261 37
354 0.00795885276523888 37
355 0.007950791569080603 37
356 0.007942760848769489 37
357 0.007934760408883154 37
358 0.007926790055696306 37
359 0.007918849597161796 37
360 0.007910938842891737 37
361 0.007903057604139143 37
362 0.007895205693779458 37
363 0.007887382926292865 37
364 0.007879589117746243 37
365 0.007871824085776307 37
366 0.007864087649572023 37
367 0.007856379629857765 36
368 0.00784869984887681 36
369 0.007841048130374853 36
370 0.007833424299583934 36
371 0.007825828183206256 36
372 0.007818259609398904 36
373 0.007810718407757946 36
374 0.007803204409303474 35
375 0.007795717446464519 35
376 0.007788257353064282 35
377 0.007780823964305201 35
378 0.007773417116755212 35
379 0.007766036648332924 35
380 0.00775868239829386 35
381 0.007751354207216826 35
382 0.007744051916990057 35
383 0.007736775370797946 35
384 0.00772952441310761 35
385 0.007722298889656309 35
386 0.007715098647437935 35
387 0.00770792353469078 35
388 0.007700773400884755 35
389 0.007693648096709205 35
390 0.007686547474060626 35
391 0.007679471386030571 35
392 0.007672419686893909 35
393 0.007665392232097045 35
394 0.007658388878246267 35
395 0.007651409483096454 35
396 0.007644453905539785 35
397 0.007637522005594409 34
398 0.007630613644393918 34
399 0.00762372868417605 34
400 0.007616866988272173 34
401 0.007610028421096825 34
402 0.007603212848137089 34
403 0.007596420135942232 34
404 0.007589650152114121 34
405 0.007582902765296191 34
406 0.007576177845164215 34
407 0.007569475262416613 34
408 0.007562794888764096 34
409 0.007556136596920757 34
410 0.007549500260594223 34
411 0.007542885754476525 34
412 0.007536292954234743 34
413 0.007529721736502017 34
414 0.007523171978868334 34
415 0.007516643559872025 34
416 0.00751013635899056 34
417 0.007503650256631941 33
418 0.007497185134126367 33
419 0.00749074087371738 33
420 0.007484317358553814 33
421 0.007477914472681215 33
422 0.007471532101033748 33
423 0.007465170129426318 33
424 0.007458828444546199 33
425 0.007452506933944988 33
426 0.007446205486031607 33
427 0.0074399239900635435 33
428 0.007433662336139731 33
429 0.007427420415192997 33
430 0.007421198118982302 33
431 0.007414995340085517 33
432 0.0074088119718921435 32
433 0.007402647908595833 32
434 0.0073965030451875104 32
435 0.007390377277447869 32
436 0.007384270501941026 32
437 0.007378182616006836 32
438 0.007372113517754657 32
439 0.007366063106055867 32
440 0.007360031280537831 32
441 0.007354017941577061 32
442 0.007348022990292377 32
443 0.007342046328538598 32
444 0.007336087858900078 32
445 0.007330147484684372 32
446 0.007324225109915815 32
447 0.007318320639329411 32
448 0.0073124339783645085 32
449 0.00730656503315897 31
450 0.00730071371054277 30
451 0.007294879918032117 30
452 0.007289063563823735 30
453 0.007283264556788782 30
454 0.007277482806467006 30
455 0.007271718223061265 30
456 0.007265970717431428 29
457 0.007260240201089239 29
458 0.007254526586192234 29
459 0.007248829785538471 29
460 0.007243149712561278 29
461 0.00723748628132345 29
462 0.007231839406511977 28
463 0.0072262090034329535 28
464 0.007220594988006203 28
465 0.007214997276759886 28
466 0.007209415786825576 28
467 0.007203850435933363 28
468 0.007198301142406088 28
469 0.007192767825155126 28
470 0.0071872504036749945 28
471 0.007181748798038582 28
472 0.007176262928892129 28
473 0.0071707927174508 28
474 0.007165338085493324 28
475 0.007159898955357889 27
476 0.00715447524993709 27
477 0.007149066892673374 27
478 0.0071436738075545065 27
479 0.00713829591910893 27
480 0.007132933152401407 27
481 0.007127585433028459 27
482 0.007122252687113991 27
483 0.007116934841304761 27
484 0.007111631822766472 27
485 0.0071063435591787755 27
486 0.0071010699787318 28
487 0.007095811010121415 28
488 0.007090566582545162 28
489 0.007085336625698244 28
490 0.007080121069769269 28
491 0.007074919845436445 28
492 0.007069732883863088 28
493 0.00706456011669419 28
494 0.007059401476051974 28
495 0.007054256894532395 28
496 0.007049126305201116 28
497 0.007044009641589345 28
498 0.007038906837690611 28
499 0.00703381782795653 28
500 0.0070287425472931745 28